240 71 105 20 -1 0 0 1
250 71 68 25 -1 0 0 1
242 95 48 22 -1 0 0 1
231 71 40 21 -1 0 0 1
260 68 97 20 1 0 1 0
288 95 99 24 -1 0 0 1
540 71 105 20 -1 1 0 0
400 71 68 25 -1 1 0 0
374 95 48 22 -1 1 0 0
504 71 40 21 -1 1 0 0
480 68 97 20 1 1 0 0
600 95 99 24 -1 1 0 0
240 71 105 20 -1 0 0 1
250 71 68 25 -1 0 0 1
242 95 48 22 -1 0 0 1
231 71 40 21 -1 0 0 1
260 68 97 20 1 0 1 0
312 95 99 24 -1 0 0 1
540 71 105 20 -1 1 0 0
400 71 68 25 -1 1 0 0
330 95 48 22 -1 1 0 0
525 71 40 21 -1 1 0 0
480 68 97 20 1 1 0 0
600 95 99 24 -1 1 0 0